
U = 25;
L = 10;
R = 50;
iL0 = 8;

e = exp(1);

k = iL0 - U / R;

il00 = 0.5 + k * e^(-5 * 0);
il02 = 0.5 + k * e^(-5 * 0.2);
il05 = 0.5 + k * e^(-5 * 0.5);
il10 = 0.5 + k * e^(-5 * 1);
il100 = 0.5 + k * e^(-5 * 100);
